# Where GTA V's sun and moon are through its day, measured in the game by host/sun_calibrate.py.
# hour, the direction towards the light (east, north, up), how much darker its shadows are
# 18.5 to 20.5: raised by hand to what a screenshot at about 19:50 showed of GTA's own shadow on asphalt (the sweep had them
# at 0.11 to 0.15, its probe surface lit little by a low sun)
0.00 0.0000 0.0000 1.0000 0.000
0.50 0.0000 0.0000 1.0000 0.000
1.00 0.0000 0.0000 1.0000 0.000
1.50 0.0000 0.0000 1.0000 0.000
2.00 0.0000 0.0000 1.0000 0.000
2.50 0.0000 0.0000 1.0000 0.000
3.00 0.0000 0.0000 1.0000 0.000
3.50 0.0000 0.0000 1.0000 0.000
4.00 0.0000 0.0000 1.0000 0.000
4.50 0.0000 0.0000 1.0000 0.000
5.00 0.0000 0.0000 1.0000 0.000
5.50 0.0000 0.0000 1.0000 0.000
6.00 0.0000 0.0000 1.0000 0.000
6.50 0.9239 -0.1363 0.3576 0.269
7.00 0.9119 -0.1890 0.3644 0.434
7.50 0.8746 -0.2581 0.4104 0.443
8.00 0.8493 -0.2956 0.4375 0.455
8.50 0.8160 -0.3395 0.4679 0.484
9.00 0.7378 -0.4040 0.5408 0.504
9.50 0.6423 -0.4318 0.6332 0.501
10.00 0.5844 -0.4593 0.6690 0.509
10.50 0.4931 -0.4779 0.7270 0.578
11.00 0.3916 -0.5065 0.7682 0.606
11.50 0.3085 -0.4976 0.8107 0.627
12.00 0.1692 -0.5283 0.8321 0.639
12.50 0.0764 -0.5494 0.8321 0.605
13.00 0.0657 -0.5508 0.8321 0.621
13.50 -0.1750 -0.5587 0.8107 0.570
14.00 -0.2684 -0.5203 0.8107 0.593
14.50 -0.3692 -0.4906 0.7894 0.612
15.00 -0.4132 -0.4541 0.7894 0.606
15.50 -0.5411 -0.4227 0.7270 0.632
16.00 -0.6230 -0.4054 0.6690 0.616
16.50 -0.6680 -0.4170 0.6163 0.561
17.00 -0.7799 -0.3372 0.5274 0.454
17.50 -0.8438 -0.2808 0.4573 0.346
18.00 -0.8931 -0.2021 0.4020 0.238
18.50 -0.9119 -0.1388 0.3861 0.260
19.00 -0.9299 -0.1098 0.3511 0.270
19.50 -0.9378 -0.0411 0.3448 0.270
20.00 -0.9363 -0.0121 0.3511 0.270
20.50 -0.8981 0.1011 0.4281 0.180
21.00 0.0000 0.0000 1.0000 0.000
21.50 0.0000 0.0000 1.0000 0.000
22.00 0.0000 0.0000 1.0000 0.000
22.50 0.0000 0.0000 1.0000 0.000
23.00 0.0000 0.0000 1.0000 0.000
23.50 0.0000 0.0000 1.0000 0.000
